270,270
269,269
268,268
267,267
267,266
266,265
265,264
264,263
263,262
262,261
261,260
260,259
259,258
259,257
258,256
258,255
258,254
257,253
256,252
255,251
254,250
253,249
252,248
251,247
250,246
249,245
248,244
247,243
246,242
246,241
245,240
244,239
243,238
242,237
241,236
240,235
239,235
238,234
237,233
236,232
235,231
234,230
233,230
232,230
231,229
230,228
229,227
228,226
227,225
227,224
226,223
225,222
224,221
223,220
222,219
221,218
220,217
219,217
218,216
217,215
216,215
215,214
214,213
213,212
212,211
211,210
210,209
209,208
208,207
207,206
206,205
205,204
204,203
203,203
202,203
201,202
200,201
199,200
198,199
197,198
196,197
195,196
194,195
194,194
193,193
192,192
191,191
190,190
189,189
188,189
187,188
186,187
185,186
184,185
183,184
182,183
181,182
180,181
179,180
178,179
177,178
176,177
175,176
174,175
174,174
173,173
173,172
172,171
172,170
171,169
170,168
169,167
168,166
167,166
166,165
165,164
164,163
163,162
162,161
161,160
160,159
159,158
158,157
157,156
156,155
156,154
156,153
155,152
154,151
153,150
152,149
152,148
151,147
150,146
149,145
148,144
147,143
146,142
145,141
145,140
144,139
143,138
142,137
142,136
141,135
140,134
139,133
138,132
137,131
136,130
135,129
134,128
133,127
132,126
131,125
130,124
129,123
128,122
128,121
127,120
127,119
126,118
125,117
124,116
123,115
122,114
121,114
120,113
119,112
118,111
117,110
116,109
115,108
114,107
113,106
112,105
111,105
110,104
109,103
108,102
107,101
107,100
106,99
105,98
104,97
103,96
102,96
101,95
100,94
99,93
98,92
97,91
96,91
95,90
94,89
93,88
92,87
91,86
90,85
89,84
88,83
87,82
86,81
85,80
84,79
83,78
83,77
83,76
83,75
82,74
81,73
80,72
80,71
79,70
78,69
77,68
76,67
75,66
74,65
73,64
72,63
72,62
71,61
70,60
69,59
68,58
67,57
66,56
65,55
64,54
63,53
62,52
61,51
60,50
59,49
58,48
57,47
56,46
55,45
54,44
53,43
52,42
51,41
50,40
50,39
49,38
48,37
47,36
46,35
45,34
44,33
43,32
42,31
41,30
40,30
39,29
38,28
37,27
36,26
35,25
34,24
33,23
32,22
31,22
30,22
29,21
28,20
27,19
26,18
25,17
24,17
23,16
22,15
21,15
20,14
19,14
18,13
17,13
16,12
15,12
14,11
13,11
12,10
11,10
10,9
9,8
8,8
7,7
6,6
5,5
4,4
3,3
2,2
1,1
0,0
